0 0.697265625 0.557544053125 0.697265625 0.5245044046875 0.755859375 0.4116189421875 0.7578125 0.3730726875 0.7529296875 0.3661894265625 0.7021484375 0.4074889875 0.6220703125 0.45154185 0.5283203125 0.4570484578125 0.435546875 0.587830396875 0.435546875 0.6153634359375 0.4521484375 0.6332599125 0.5322265625 0.666299559375 0.5859375 0.67318281875 0.6650390625 0.6525330390625 0.71875 0.6043502203125 0.720703125 0.5933370046875 0.697265625 0.557544053125
0 0.759765625 0.3290198234375 0.763671875 0.3069933921875 0.8046875 0.232654184375 0.791015625 0.1858480171875 0.7841796875 0.1789647578125 0.7568359375 0.1899779734375 0.7255859375 0.17345815 0.6748046875 0.176211453125 0.5927734375 0.20925110156249999 0.5576171875 0.24779735625 0.49609375 0.43639867812500005 0.5126953125 0.4542951546875 0.5703125 0.4529185015625 0.6474609375 0.43502202656250005 0.6689453125 0.4129955953125 0.7275390625 0.37720264375 0.759765625 0.3290198234375
0 0.546875 0.2546806171875 0.572265625 0.2271475765625 0.5712890625 0.21200440468749998 0.52734375 0.2051211453125 0.55078125 0.158314978125 0.548828125 0.1445484578125 0.5341796875 0.1266519828125 0.5185546875 0.11839207031250001 0.4873046875 0.1266519828125 0.396484375 0.2271475765625 0.36328125 0.3482929515625 0.353515625 0.42263215781249996 0.36328125 0.57681718125 0.3828125 0.579570484375 0.4267578125 0.5589207046875 0.458984375 0.518997796875 0.48828125 0.4501651984375 0.546875 0.2546806171875
0 0.978515625 0.2519273125 0.98046875 0.2133810578125 0.994140625 0.1528083703125 0.9833984375 0.1294052859375 0.9541015625 0.1266519828125 0.8720703125 0.1651982375 0.8408203125 0.19548458124999998 0.771484375 0.2959801765625 0.763671875 0.3125 0.759765625 0.40611233437500005 0.740234375 0.4529185015625 0.740234375 0.47219162968750006 0.7626953125 0.5066079296875 0.77734375 0.50798458125 0.8076171875 0.45154185 0.8857421875 0.42125550624999997 0.9453125 0.34003303906250004 0.978515625 0.2519273125
0 0.986328125 0.7365088109375 0.97265625 0.57681718125 0.939453125 0.488711453125 0.8896484375 0.42951541875 0.853515625 0.4914647578125 0.8623046875 0.503854625 0.8798828125 0.503854625 0.9013671875 0.52037445 0.91015625 0.549284140625 0.875 0.6153634359375 0.865234375 0.618116740625 0.8515625 0.6566629953125 0.8515625 0.6759361234375 0.873046875 0.73375550625 0.8896484375 0.75991189375 0.9443359375 0.8259911890625 0.96484375 0.8301211453124999 0.974609375 0.8191079296874999 0.982421875 0.7778083703124999 0.978515625 0.761288546875 0.986328125 0.7365088109375
0 0.96484375 0.8466409687500001 0.8544921875 0.726872246875 0.84765625 0.7860682812500001 0.830078125 0.835627753125 0.73046875 0.9540198234374999 0.771484375 0.9567731281249999 0.9013671875 0.9278634359375 0.9638671875 0.8783039640625001 0.96875 0.8686674015625 0.96484375 0.8466409687500001
0 0.84765625 0.6759361234375 0.853515625 0.6428964749999999 0.884765625 0.601596915625 0.912109375 0.549284140625 0.91015625 0.5300110124999999 0.8798828125 0.4955947140625 0.8427734375 0.4955947140625 0.8330078125 0.4763215859375 0.8076171875 0.46806167343749994 0.798828125 0.5024779734375 0.791015625 0.5107378859375 0.796875 0.5327643171875 0.77734375 0.5988436125 0.7685546875 0.6084801765625001 0.7490234375 0.6112334796875001 0.6806640625 0.674559471875 0.62109375 0.761288546875 0.61328125 0.8411343609375 0.599609375 0.9017070484374999 0.6015625 0.926486784375 0.6513671875 0.9636563875 0.693359375 0.9677863437499999 0.7431640625 0.9388766515625001 0.833984375 0.8246145374999999 0.845703125 0.7860682812500001 0.84765625 0.6759361234375
0 0.6171875 0.7667951546875 0.681640625 0.6676762109375 0.6806640625 0.6497797359375 0.6298828125 0.6718061671875 0.5693359375 0.677312775 0.44921875 0.7970814984375 0.443359375 0.8438876656250001 0.45703125 0.9292400875 0.45703125 0.9677863437499999 0.4658203125 0.9801762109375 0.474609375 0.9787995593750001 0.5634765625 0.9333700437499999 0.595703125 0.8906938328124999 0.61328125 0.8273678421874999 0.6171875 0.7667951546875
0 0.5439453125 0.6718061671875 0.4482421875 0.636013215625 0.435546875 0.62087004375 0.431640625 0.5933370046875 0.4716796875 0.5176211453125 0.4365234375 0.5561674015625 0.3681640625 0.5892070484375 0.3056640625 0.64702643125 0.2802734375 0.6828193828125 0.2666015625 0.6910792953125 0.236328125 0.7392621140625 0.21484375 0.8080947140625 0.21484375 0.835627753125 0.2294921875 0.848017621875 0.2890625 0.8493942734375001 0.3681640625 0.8397577093749999 0.4248046875 0.8094713656250001 0.552734375 0.6841960359375 0.5439453125 0.6718061671875
0 0.3740234375 0.8397577093749999 0.2783203125 0.8562775328125 0.25 0.8934471359374999 0.251953125 0.9237334796875001 0.2626953125 0.9361233484374999 0.2705078125 0.9306167406249999 0.2978515625 0.9636563875 0.427734375 0.9760462562500001 0.455078125 0.9732929515625001 0.455078125 0.926486784375 0.4384765625 0.8039647578125001 0.3740234375 0.8397577093749999
0 0.197265625 0.6869493390625 0.1904296875 0.7626651984375 0.2216796875 0.748898678125 0.33984375 0.601596915625 0.34765625 0.56855726875 0.3212890625 0.5451541843750001 0.2705078125 0.52037445 0.2080078125 0.5176211453125 0.201171875 0.5245044046875 0.19921875 0.56029735625 0.1845703125 0.59471365625 0.1513671875 0.553414096875 0.1318359375 0.561674009375 0.1259765625 0.575440528125 0.0966796875 0.6002202640625 0.0458984375 0.5892070484375 0.0146484375 0.6084801765625001 0.0078125 0.62087004375 0.021484375 0.6373898671875 0.015625 0.6594163 0.0234375 0.700715859375 0.0400390625 0.726872246875 0.056640625 0.73375550625 0.052734375 0.753028634375 0.0654296875 0.7764317187499999 0.0888671875 0.770925109375 0.107421875 0.79432819375 0.1328125 0.76404185 0.166015625 0.6869493390625 0.1728515625 0.6828193828125 0.197265625 0.6869493390625
0 0.2724609375 0.52037445 0.3505859375 0.5644273125 0.357421875 0.5272577093749999 0.3515625 0.46393171874999994 0.341796875 0.43364537500000006 0.3056640625 0.39096916249999997 0.2431640625 0.36894273125 0.1962890625 0.3716960359375 0.1474609375 0.39096916249999997 0.1181640625 0.4157488984375 0.09765625 0.44741189375 0.09765625 0.488711453125 0.1201171875 0.5093612328125 0.1474609375 0.5176211453125 0.162109375 0.5658039640625 0.1875 0.587830396875 0.197265625 0.5658039640625 0.197265625 0.518997796875 0.2119140625 0.5148678421875 0.2724609375 0.52037445
0 0.2412109375 0.154185021875 0.1630859375 0.101872246875 0.1455078125 0.101872246875 0.1484375 0.23816079218750003 0.15625 0.279460353125 0.177734375 0.3042400875 0.1796875 0.3180066078125 0.2041015625 0.3469163 0.2294921875 0.3634361234375 0.2626953125 0.3661894265625 0.3251953125 0.39372246718750004 0.34765625 0.39509911875000003 0.36328125 0.3207599125 0.357421875 0.2656938328125 0.3115234375 0.20925110156249999 0.2412109375 0.154185021875
0 0.3466796875 0.0688325984375 0.3056640625 0.049559471875 0.2470703125 0.049559471875 0.2001953125 0.0605726875 0.181640625 0.075715859375 0.185546875 0.1004955953125 0.2080078125 0.13491189374999998 0.3154296875 0.20925110156249999 0.35546875 0.260187225 0.3642578125 0.2918502203125 0.3681640625 0.2835903078125 0.375 0.29047356875 0.396484375 0.2243942734375 0.431640625 0.180341409375 0.4052734375 0.121145375 0.3466796875 0.0688325984375
0 0.0771484375 0 0.0712890625 0.027533039062499997 0.0205078125 0.0055066078125 0.0234375 0.06745594687499999 0.0458984375 0.123898678125 0.060546875 0.128028634375 0.06640625 0.0922356828125 0.06640625 0.35655286406250003 0.076171875 0.4088656390625 0.087890625 0.4501651984375 0.09375 0.4529185015625 0.1123046875 0.42125550624999997 0.146484375 0.38959251093749997 0.150390625 0.3730726875 0.177734375 0.331773128125 0.1748046875 0.3001101328125 0.15625 0.3042400875 0.1484375 0.2519273125 0.138671875 0.0261563875 0.1220703125 0 0.0771484375 0
0 0 0.364812775 0.01171875 0.39234581562500004 0.029296875 0.474944934375 0.03125 0.535517621875 0.037109375 0.557544053125 0.044921875 0.56029735625 0.087890625 0.505231278125 0.09375 0.4832048453125 0.05859375 0.3180066078125 0.04296875 0.279460353125 0.037109375 0.21062775312499998 0.0185546875 0.192731278125 0 0.1996145375 0 0.364812775
0 0.2109375 0.8301211453124999 0.212890625 0.805341409375 0.2265625 0.7667951546875 0.2265625 0.7502753296875 0.216796875 0.7502753296875 0.2265625 0.731002203125 0.22265625 0.714482378125 0.23046875 0.6952092515625 0.1923828125 0.6800660796875 0.1689453125 0.6828193828125 0.142578125 0.744768721875 0.1103515625 0.7957048453125 0.0888671875 0.76817180625 0.0654296875 0.7764317187499999 0.0546875 0.7585352421875 0.056640625 0.73375550625 0.0400390625 0.726872246875 0.0205078125 0.6993392078125 0.021484375 0.8604074890625 0.0888671875 0.9278634359375 0.162109375 0.9292400875 0.2158203125 0.8975770921875 0.23828125 0.865914096875 0.2177734375 0.848017621875 0.2109375 0.8301211453124999