0 0.279296875 0.5933370046875 0.28125 0.6043502203125 0.3349609375 0.6525330390625 0.4140625 0.67318281875 0.4677734375 0.666299559375 0.5478515625 0.6332599125 0.564453125 0.6153634359375 0.564453125 0.587830396875 0.4716796875 0.4570484578125 0.3779296875 0.45154185 0.2978515625 0.4074889875 0.2470703125 0.3661894265625 0.2421875 0.3730726875 0.244140625 0.4116189421875 0.302734375 0.5245044046875 0.302734375 0.557544053125 0.279296875 0.5933370046875
0 0.2724609375 0.37720264375 0.3310546875 0.4129955953125 0.3525390625 0.43502202656250005 0.4296875 0.4529185015625 0.4873046875 0.4542951546875 0.50390625 0.43639867812500005 0.4423828125 0.24779735625 0.4072265625 0.20925110156249999 0.3251953125 0.176211453125 0.2744140625 0.17345815 0.2431640625 0.1899779734375 0.2158203125 0.1789647578125 0.208984375 0.1858480171875 0.1953125 0.232654184375 0.236328125 0.3069933921875 0.240234375 0.3290198234375 0.2724609375 0.37720264375
0 0.51171875 0.4501651984375 0.541015625 0.518997796875 0.5732421875 0.5589207046875 0.6171875 0.579570484375 0.63671875 0.57681718125 0.646484375 0.42263215781249996 0.63671875 0.3482929515625 0.603515625 0.2271475765625 0.5126953125 0.1266519828125 0.4814453125 0.11839207031250001 0.4658203125 0.1266519828125 0.451171875 0.1445484578125 0.44921875 0.158314978125 0.47265625 0.2051211453125 0.4287109375 0.21200440468749998 0.427734375 0.2271475765625 0.453125 0.2546806171875 0.51171875 0.4501651984375
0 0.0546875 0.34003303906250004 0.1142578125 0.42125550624999997 0.1923828125 0.45154185 0.22265625 0.50798458125 0.2373046875 0.5066079296875 0.259765625 0.47219162968750006 0.259765625 0.4529185015625 0.240234375 0.40611233437500005 0.236328125 0.3125 0.228515625 0.2959801765625 0.1591796875 0.19548458124999998 0.1279296875 0.1651982375 0.0458984375 0.1266519828125 0.0166015625 0.1294052859375 0.005859375 0.1528083703125 0.01953125 0.2133810578125 0.021484375 0.2519273125 0.0546875 0.34003303906250004
0 0.021484375 0.761288546875 0.017578125 0.7778083703124999 0.025390625 0.8191079296874999 0.03515625 0.8301211453124999 0.0556640625 0.8259911890625 0.1103515625 0.75991189375 0.126953125 0.73375550625 0.1484375 0.6759361234375 0.1484375 0.6566629953125 0.134765625 0.618116740625 0.125 0.6153634359375 0.08984375 0.549284140625 0.0986328125 0.52037445 0.1201171875 0.503854625 0.1376953125 0.503854625 0.146484375 0.4914647578125 0.1103515625 0.42951541875 0.060546875 0.488711453125 0.02734375 0.57681718125 0.013671875 0.7365088109375 0.021484375 0.761288546875
0 0.03125 0.8686674015625 0.0361328125 0.8783039640625001 0.0986328125 0.9278634359375 0.228515625 0.9567731281249999 0.26953125 0.9540198234374999 0.169921875 0.835627753125 0.15234375 0.7860682812500001 0.1455078125 0.726872246875 0.03515625 0.8466409687500001 0.03125 0.8686674015625
0 0.154296875 0.7860682812500001 0.166015625 0.8246145374999999 0.2568359375 0.9388766515625001 0.306640625 0.9677863437499999 0.3486328125 0.9636563875 0.3984375 0.926486784375 0.400390625 0.9017070484374999 0.38671875 0.8411343609375 0.37890625 0.761288546875 0.3193359375 0.674559471875 0.2509765625 0.6112334796875001 0.2314453125 0.6084801765625001 0.22265625 0.5988436125 0.203125 0.5327643171875 0.208984375 0.5107378859375 0.201171875 0.5024779734375 0.1923828125 0.46806167343749994 0.1669921875 0.4763215859375 0.1572265625 0.4955947140625 0.1201171875 0.4955947140625 0.08984375 0.5300110124999999 0.087890625 0.549284140625 0.115234375 0.601596915625 0.146484375 0.6428964749999999 0.15234375 0.6759361234375 0.154296875 0.7860682812500001
0 0.38671875 0.8273678421874999 0.404296875 0.8906938328124999 0.4365234375 0.9333700437499999 0.525390625 0.9787995593750001 0.5341796875 0.9801762109375 0.54296875 0.9677863437499999 0.54296875 0.9292400875 0.556640625 0.8438876656250001 0.55078125 0.7970814984375 0.4306640625 0.677312775 0.3701171875 0.6718061671875 0.3193359375 0.6497797359375 0.318359375 0.6676762109375 0.3828125 0.7667951546875 0.38671875 0.8273678421874999
0 0.447265625 0.6841960359375 0.5751953125 0.8094713656250001 0.6318359375 0.8397577093749999 0.7109375 0.8493942734375001 0.7705078125 0.848017621875 0.78515625 0.835627753125 0.78515625 0.8080947140625 0.763671875 0.7392621140625 0.7333984375 0.6910792953125 0.7197265625 0.6828193828125 0.6943359375 0.64702643125 0.6318359375 0.5892070484375 0.5634765625 0.5561674015625 0.5283203125 0.5176211453125 0.568359375 0.5933370046875 0.564453125 0.62087004375 0.5517578125 0.636013215625 0.4560546875 0.6718061671875 0.447265625 0.6841960359375
0 0.5615234375 0.8039647578125001 0.544921875 0.926486784375 0.544921875 0.9732929515625001 0.572265625 0.9760462562500001 0.7021484375 0.9636563875 0.7294921875 0.9306167406249999 0.7373046875 0.9361233484374999 0.748046875 0.9237334796875001 0.75 0.8934471359374999 0.7216796875 0.8562775328125 0.6259765625 0.8397577093749999 0.5615234375 0.8039647578125001
0 0.8271484375 0.6828193828125 0.833984375 0.6869493390625 0.8671875 0.76404185 0.892578125 0.79432819375 0.9111328125 0.770925109375 0.9345703125 0.7764317187499999 0.947265625 0.753028634375 0.943359375 0.73375550625 0.9599609375 0.726872246875 0.9765625 0.700715859375 0.984375 0.6594163 0.978515625 0.6373898671875 0.9921875 0.62087004375 0.9853515625 0.6084801765625001 0.9541015625 0.5892070484375 0.9033203125 0.6002202640625 0.8740234375 0.575440528125 0.8681640625 0.561674009375 0.8486328125 0.553414096875 0.8154296875 0.59471365625 0.80078125 0.56029735625 0.798828125 0.5245044046875 0.7919921875 0.5176211453125 0.7294921875 0.52037445 0.6787109375 0.5451541843750001 0.65234375 0.56855726875 0.66015625 0.601596915625 0.7783203125 0.748898678125 0.8095703125 0.7626651984375 0.802734375 0.6869493390625 0.8271484375 0.6828193828125
0 0.7880859375 0.5148678421875 0.802734375 0.518997796875 0.802734375 0.5658039640625 0.8125 0.587830396875 0.837890625 0.5658039640625 0.8525390625 0.5176211453125 0.8798828125 0.5093612328125 0.90234375 0.488711453125 0.90234375 0.44741189375 0.8818359375 0.4157488984375 0.8525390625 0.39096916249999997 0.8037109375 0.3716960359375 0.7568359375 0.36894273125 0.6943359375 0.39096916249999997 0.658203125 0.43364537500000006 0.6484375 0.46393171874999994 0.642578125 0.5272577093749999 0.6494140625 0.5644273125 0.7275390625 0.52037445 0.7880859375 0.5148678421875
0 0.6884765625 0.20925110156249999 0.642578125 0.2656938328125 0.63671875 0.3207599125 0.65234375 0.39509911875000003 0.6748046875 0.39372246718750004 0.7373046875 0.3661894265625 0.7705078125 0.3634361234375 0.7958984375 0.3469163 0.8203125 0.3180066078125 0.822265625 0.3042400875 0.84375 0.279460353125 0.8515625 0.23816079218750003 0.8544921875 0.101872246875 0.8369140625 0.101872246875 0.7587890625 0.154185021875 0.6884765625 0.20925110156249999
0 0.5947265625 0.121145375 0.568359375 0.180341409375 0.603515625 0.2243942734375 0.625 0.29047356875 0.6318359375 0.2835903078125 0.6357421875 0.2918502203125 0.64453125 0.260187225 0.6845703125 0.20925110156249999 0.7919921875 0.13491189374999998 0.814453125 0.1004955953125 0.818359375 0.075715859375 0.7998046875 0.0605726875 0.7529296875 0.049559471875 0.6943359375 0.049559471875 0.6533203125 0.0688325984375 0.5947265625 0.121145375
0 0.8779296875 0 0.861328125 0.0261563875 0.8515625 0.2519273125 0.84375 0.3042400875 0.8251953125 0.3001101328125 0.822265625 0.331773128125 0.849609375 0.3730726875 0.853515625 0.38959251093749997 0.8876953125 0.42125550624999997 0.90625 0.4529185015625 0.912109375 0.4501651984375 0.923828125 0.4088656390625 0.93359375 0.35655286406250003 0.93359375 0.0922356828125 0.939453125 0.128028634375 0.9541015625 0.123898678125 0.9765625 0.06745594687499999 0.9794921875 0.0055066078125 0.9287109375 0.027533039062499997 0.9228515625 0 0.8779296875 0
0 1 0.1996145375 0.9814453125 0.192731278125 0.962890625 0.21062775312499998 0.95703125 0.279460353125 0.94140625 0.3180066078125 0.90625 0.4832048453125 0.912109375 0.505231278125 0.955078125 0.56029735625 0.962890625 0.557544053125 0.96875 0.535517621875 0.970703125 0.474944934375 0.98828125 0.39234581562500004 1 0.364812775 1 0.1996145375
0 0.7822265625 0.848017621875 0.76171875 0.865914096875 0.7841796875 0.8975770921875 0.837890625 0.9292400875 0.9111328125 0.9278634359375 0.978515625 0.8604074890625 0.9794921875 0.6993392078125 0.9599609375 0.726872246875 0.943359375 0.73375550625 0.9453125 0.7585352421875 0.9345703125 0.7764317187499999 0.9111328125 0.76817180625 0.8896484375 0.7957048453125 0.857421875 0.744768721875 0.8310546875 0.6828193828125 0.8076171875 0.6800660796875 0.76953125 0.6952092515625 0.77734375 0.714482378125 0.7734375 0.731002203125 0.783203125 0.7502753296875 0.7734375 0.7502753296875 0.7734375 0.7667951546875 0.787109375 0.805341409375 0.7890625 0.8301211453124999 0.7822265625 0.848017621875